star 30 white 1e+30 10000000000.0 7.812759999999841e-07 -3.2589365787999343e-12 40000.0
star 30 cyan 1e+30 -10000000000.0 -7.812759999999841e-07 3.2589365787999343e-12 -40000.0
-----------------------
star 30 white 1e+30 10000000000.0 1.550963999999997e-06 -6.469536133199989e-12 40000.0
star 30 cyan 1e+30 -10000000000.0 -1.550963999999997e-06 6.469536133199989e-12 -40000.0
-----------------------
star 30 white 1e+30 10000000000.0 2.307327999999984e-06 -9.624557286399936e-12 40000.0
star 30 cyan 1e+30 -10000000000.0 -2.307327999999984e-06 9.624557286399936e-12 -40000.0
-----------------------
star 30 white 1e+30 10000000000.0 3.0972839999999915e-06 -1.2919700749199967e-11 40000.0
star 30 cyan 1e+30 -10000000000.0 -3.0972839999999915e-06 1.2919700749199967e-11 -40000.0
-----------------------
star 30 white 1e+30 10000000000.0 3.85804799999999e-06 -1.609307562239996e-11 40000.0
star 30 cyan 1e+30 -10000000000.0 -3.85804799999999e-06 1.609307562239996e-11 -40000.0
-----------------------
star 30 white 1e+30 10000000000.0 4.587307999999997e-06 -1.913503786039999e-11 40000.0
star 30 cyan 1e+30 -10000000000.0 -4.587307999999997e-06 1.913503786039999e-11 -40000.0
-----------------------
star 30 white 1e+30 10000000000.0 5.383447999999991e-06 -2.2455976642399966e-11 40000.0
star 30 cyan 1e+30 -10000000000.0 -5.383447999999991e-06 2.2455976642399966e-11 -40000.0
-----------------------
star 30 white 1e+30 10000000000.0 6.108087999999992e-06 -2.547866747439997e-11 40000.0
star 30 cyan 1e+30 -10000000000.0 -6.108087999999992e-06 2.547866747439997e-11 -40000.0
-----------------------
star 30 white 1e+30 10000000000.0 6.891879999999998e-06 -2.8748099043999994e-11 40000.0
star 30 cyan 1e+30 -10000000000.0 -6.891879999999998e-06 2.8748099043999994e-11 -40000.0
-----------------------
star 30 white 1e+30 10000000000.0 7.635296000000002e-06 -3.184911020480001e-11 40000.0
star 30 cyan 1e+30 -10000000000.0 -7.635296000000002e-06 3.184911020480001e-11 -40000.0
-----------------------
star 30 white 1e+30 10000000000.0 8.349703999999997e-06 -3.482912029519999e-11 40000.0
star 30 cyan 1e+30 -10000000000.0 -8.349703999999997e-06 3.482912029519999e-11 -40000.0
-----------------------
star 30 white 1e+30 10000000000.0 9.143723999999996e-06 -3.814121592119999e-11 40000.0
star 30 cyan 1e+30 -10000000000.0 -9.143723999999996e-06 3.814121592119999e-11 -40000.0
-----------------------
star 30 white 1e+30 10000000000.0 9.936511999999986e-06 -4.144817250559995e-11 40000.0
star 30 cyan 1e+30 -10000000000.0 -9.936511999999986e-06 4.144817250559995e-11 -40000.0
-----------------------
star 30 white 1e+30 10000000000.0 1.0675927999999999e-05 -4.4532498466400006e-11 40000.0
star 30 cyan 1e+30 -10000000000.0 -1.0675927999999999e-05 4.4532498466400006e-11 -40000.0
-----------------------
star 30 white 1e+30 10000000000.0 1.1464559999999987e-05 -4.782211912799996e-11 40000.0
star 30 cyan 1e+30 -10000000000.0 -1.1464559999999987e-05 4.782211912799996e-11 -40000.0
-----------------------
star 30 white 1e+30 10000000000.0 1.2223575999999987e-05 -5.098820256879996e-11 40000.0
star 30 cyan 1e+30 -10000000000.0 -1.2223575999999987e-05 5.098820256879996e-11 -40000.0
-----------------------
star 30 white 1e+30 10000000000.0 1.3034179999999988e-05 -5.436947503399997e-11 40000.0
star 30 cyan 1e+30 -10000000000.0 -1.3034179999999988e-05 5.436947503399997e-11 -40000.0
-----------------------
star 30 white 1e+30 10000000000.0 1.3821711999999983e-05 -5.765450726559995e-11 40000.0
star 30 cyan 1e+30 -10000000000.0 -1.3821711999999983e-05 5.765450726559995e-11 -40000.0
-----------------------
star 30 white 1e+30 10000000000.0 1.4567323999999998e-05 -6.076467860120002e-11 40000.0
star 30 cyan 1e+30 -10000000000.0 -1.4567323999999998e-05 6.076467860120002e-11 -40000.0
-----------------------
star 30 white 1e+30 10000000000.0 1.5367879999999994e-05 -6.4104037844e-11 40000.0
star 30 cyan 1e+30 -10000000000.0 -1.5367879999999994e-05 6.4104037844e-11 -40000.0
-----------------------
star 30 white 1e+30 10000000000.0 1.6186619999999986e-05 -6.751924800599996e-11 40000.0
star 30 cyan 1e+30 -10000000000.0 -1.6186619999999986e-05 6.751924800599996e-11 -40000.0
-----------------------
star 30 white 1e+30 10000000000.0 1.6946072e-05 -7.068715013360002e-11 40000.0
star 30 cyan 1e+30 -10000000000.0 -1.6946072e-05 7.068715013360002e-11 -40000.0
-----------------------
star 30 white 1e+30 10000000000.0 1.7710111999999984e-05 -7.387419018559996e-11 40000.0
star 30 cyan 1e+30 -10000000000.0 -1.7710111999999984e-05 7.387419018559996e-11 -40000.0
-----------------------
star 30 white 1e+30 10000000000.0 1.8504235999999993e-05 -7.718671962679999e-11 40000.0
star 30 cyan 1e+30 -10000000000.0 -1.8504235999999993e-05 7.718671962679999e-11 -40000.0
-----------------------
star 30 white 1e+30 10000000000.0 1.926774e-05 -8.037152386200003e-11 40000.0
star 30 cyan 1e+30 -10000000000.0 -1.926774e-05 8.037152386200003e-11 -40000.0
-----------------------
star 30 white 1e+30 10000000000.0 2.002723999999999e-05 -8.353962621199997e-11 40000.0
star 30 cyan 1e+30 -10000000000.0 -2.002723999999999e-05 8.353962621199997e-11 -40000.0
-----------------------
star 30 white 1e+30 10000000000.0 2.0811908e-05 -8.681271184040002e-11 40000.0
star 30 cyan 1e+30 -10000000000.0 -2.0811908e-05 8.681271184040002e-11 -40000.0
-----------------------
star 30 white 1e+30 10000000000.0 2.1569527999999994e-05 -8.997297214639999e-11 40000.0
star 30 cyan 1e+30 -10000000000.0 -2.1569527999999994e-05 8.997297214639999e-11 -40000.0
-----------------------
star 30 white 1e+30 10000000000.0 2.2335876000000002e-05 -9.316963955880003e-11 40000.0
star 30 cyan 1e+30 -10000000000.0 -2.2335876000000002e-05 9.316963955880003e-11 -40000.0
-----------------------
star 30 white 1e+30 10000000000.0 2.3146855999999993e-05 -9.655248043279999e-11 40000.0
star 30 cyan 1e+30 -10000000000.0 -2.3146855999999993e-05 9.655248043279999e-11 -40000.0
-----------------------
star 30 white 1e+30 10000000000.0 2.3880719999999998e-05 -9.9613647336e-11 40000.0
star 30 cyan 1e+30 -10000000000.0 -2.3880719999999998e-05 9.9613647336e-11 -40000.0
-----------------------
star 30 white 1e+30 10000000000.0 2.4701779999999993e-05 -1.0303853491399998e-10 40000.0
star 30 cyan 1e+30 -10000000000.0 -2.4701779999999993e-05 1.0303853491399998e-10 -40000.0
-----------------------
star 30 white 1e+30 10000000000.0 2.5456620000000004e-05 -1.0618719900600003e-10 40000.0
star 30 cyan 1e+30 -10000000000.0 -2.5456620000000004e-05 1.0618719900600003e-10 -40000.0
-----------------------
star 30 white 1e+30 10000000000.0 2.6251804e-05 -1.0950415002520002e-10 40000.0
star 30 cyan 1e+30 -10000000000.0 -2.6251804e-05 1.0950415002520002e-10 -40000.0
-----------------------
star 30 white 1e+30 10000000000.0 2.705577199999999e-05 -1.1285774174359998e-10 40000.0
star 30 cyan 1e+30 -10000000000.0 -2.705577199999999e-05 1.1285774174359998e-10 -40000.0
-----------------------
star 30 white 1e+30 10000000000.0 2.7843363999999993e-05 -1.161430242532e-10 40000.0
star 30 cyan 1e+30 -10000000000.0 -2.7843363999999993e-05 1.161430242532e-10 -40000.0
-----------------------
star 30 white 1e+30 10000000000.0 2.860625599999999e-05 -1.193252756528e-10 40000.0
star 30 cyan 1e+30 -10000000000.0 -2.860625599999999e-05 1.193252756528e-10 -40000.0
-----------------------
star 30 white 1e+30 10000000000.0 2.9408680000000004e-05 -1.2267242688400003e-10 40000.0
star 30 cyan 1e+30 -10000000000.0 -2.9408680000000004e-05 1.2267242688400003e-10 -40000.0
-----------------------
star 30 white 1e+30 10000000000.0 3.0155467999999995e-05 -1.2578750366839998e-10 40000.0
star 30 cyan 1e+30 -10000000000.0 -3.0155467999999995e-05 1.2578750366839998e-10 -40000.0
-----------------------
star 30 white 1e+30 10000000000.0 3.092699199999999e-05 -1.2900576172959996e-10 40000.0
star 30 cyan 1e+30 -10000000000.0 -3.092699199999999e-05 1.2900576172959996e-10 -40000.0
-----------------------
star 30 white 1e+30 10000000000.0 3.1665616e-05 -1.320867840208e-10 40000.0
star 30 cyan 1e+30 -10000000000.0 -3.1665616e-05 1.320867840208e-10 -40000.0
-----------------------
star 30 white 1e+30 10000000000.0 3.2427199999999987e-05 -1.3526357935999997e-10 40000.0
star 30 cyan 1e+30 -10000000000.0 -3.2427199999999987e-05 1.3526357935999997e-10 -40000.0
-----------------------
star 30 white 1e+30 10000000000.0 3.327204799999999e-05 -1.3878769382239997e-10 40000.0
star 30 cyan 1e+30 -10000000000.0 -3.327204799999999e-05 1.3878769382239997e-10 -40000.0
-----------------------
star 30 white 1e+30 9999999999.708012 74832.89813366008 -0.31215046798493634 40000.0
star 30 cyan 1e+30 -9999999999.708012 -74832.89813366008 0.31215046798493634 -40000.0
-----------------------
star 30 white 1e+30 9999999998.49802 169723.2994205484 -0.707966798877455 39999.999997037994
star 30 cyan 1e+30 -9999999998.49802 -169723.2994205484 0.707966798877455 -39999.999997037994
-----------------------
star 30 white 1e+30 9999999994.76336 316909.8339923922 -1.3219259905815666 39999.99998661767
star 30 cyan 1e+30 -9999999994.76336 -316909.8339923922 1.3219259905815666 -39999.99998661767
-----------------------
star 30 white 1e+30 9999999987.56302 488389.9888622401 -2.0372211607037265 39999.99996394927
star 30 cyan 1e+30 -9999999987.56302 -488389.9888622401 2.0372211607037265 -39999.99996394927
-----------------------
star 30 white 1e+30 9999999965.464378 813847.29201599 -3.394801210217242 39999.99989764642
star 30 cyan 1e+30 -9999999965.464378 -813847.29201599 3.394801210217242 -39999.99989764642
-----------------------
star 30 white 1e+30 9999999923.644354 1210123.9531674534 -5.047790048882348 39999.99976311837
star 30 cyan 1e+30 -9999999923.644354 -1210123.9531674534 5.047790048882348 -39999.99976311837
-----------------------
star 30 white 1e+30 9999999831.92014 1795424.3794987116 -7.489253724367639 39999.999467671005
star 30 cyan 1e+30 -9999999831.92014 -1795424.3794987116 7.489253724367639 -39999.999467671005
-----------------------
star 30 white 1e+30 9999999617.351109 2709003.1246181317 -11.300064771030572 39999.99878346869
star 30 cyan 1e+30 -9999999617.351109 -2709003.1246181317 11.300064771030572 -39999.99878346869
-----------------------
star 30 white 1e+30 9999999182.341291 3960001.0944570582 -16.518352678457266 39999.99736983281
star 30 cyan 1e+30 -9999999182.341291 -3960001.0944570582 16.518352678457266 -39999.99736983281
-----------------------
star 30 white 1e+30 9999998204.26648 5868541.877846232 -24.479449114660248 39999.994217237494
star 30 cyan 1e+30 -9999998204.26648 -5868541.877846232 24.479449114660248 -39999.994217237494
-----------------------
star 30 white 1e+30 9999996443.833933 8258482.690255798 -34.448609826101496 39999.98836679273
star 30 cyan 1e+30 -9999996443.833933 -8258482.690255798 34.448609826101496 -39999.98836679273
-----------------------
star 30 white 1e+30 9999993670.725664 11017579.139116995 -45.957629969209954 39999.97886208499
star 30 cyan 1e+30 -9999993670.725664 -11017579.139116995 45.957629969209954 -39999.97886208499
-----------------------
star 30 white 1e+30 9999990205.305765 13705807.425695088 -57.17103805551393 39999.96650761607
star 30 cyan 1e+30 -9999990205.305765 -13705807.425695088 57.17103805551393 -39999.96650761607
-----------------------
star 30 white 1e+30 9999985851.95672 16472417.062719177 -68.71139886810191 39999.95069060428
star 30 cyan 1e+30 -9999985851.95672 -16472417.062719177 68.71139886810191 -39999.95069060428
-----------------------
star 30 white 1e+30 9999980450.487774 19363196.2512157 -80.7697089973423 39999.93082762483
star 30 cyan 1e+30 -9999980450.487774 -19363196.2512157 80.7697089973423 -39999.93082762483
-----------------------
star 30 white 1e+30 9999974750.180107 22005850.964421213 -91.79301771126661 39999.909482934105
star 30 cyan 1e+30 -9999974750.180107 -22005850.964421213 91.79301771126661 -39999.909482934105
-----------------------
star 30 white 1e+30 9999967787.115963 24855571.69803253 -103.68006227691454 39999.88332441494
star 30 cyan 1e+30 -9999967787.115963 -24855571.69803253 103.68006227691454 -39999.88332441494
-----------------------
star 30 white 1e+30 9999957963.632906 28393663.848152835 -118.43851419459313 39999.84664132079
star 30 cyan 1e+30 -9999957963.632906 -28393663.848152835 118.43851419459313 -39999.84664132079
-----------------------
star 30 white 1e+30 9999936716.86911 34837950.81545272 -145.31959805186327 39999.77031575406
star 30 cyan 1e+30 -9999936716.86911 -34837950.81545272 145.31959805186327 -39999.77031575406
-----------------------
star 30 white 1e+30 9999897108.059738 44422079.2278613 -185.2979502327539 39999.631038485975
star 30 cyan 1e+30 -9999897108.059738 -44422079.2278613 185.2979502327539 -39999.631038485975
-----------------------
star 30 white 1e+30 9999842135.788916 55023659.15921324 -229.52043814626828 39999.43459097851
star 30 cyan 1e+30 -9999842135.788916 -55023659.15921324 229.52043814626828 -39999.43459097851
-----------------------
star 30 white 1e+30 9999764863.323822 67153245.07771973 -280.1167708246158 39999.15618704711
star 30 cyan 1e+30 -9999764863.323822 -67153245.07771973 280.1167708246158 -39999.15618704711
-----------------------
star 30 white 1e+30 9999662285.068985 80478685.1302167 -335.7014648696784 39998.782909011796
star 30 cyan 1e+30 -9999662285.068985 -80478685.1302167 335.7014648696784 -39998.782909011796
-----------------------
star 30 white 1e+30 9999545067.562008 93406685.48729348 -389.6283693422359 39998.348897718075
star 30 cyan 1e+30 -9999545067.562008 -93406685.48729348 389.6283693422359 -39998.348897718075
-----------------------
star 30 white 1e+30 9999407540.412027 106593917.68008196 -444.6367007056283 39997.83505975123
star 30 cyan 1e+30 -9999407540.412027 -106593917.68008196 444.6367007056283 -39997.83505975123
-----------------------
star 30 white 1e+30 9999247967.989779 120093507.81723927 -500.9480861295449 39997.23477906879
star 30 cyan 1e+30 -9999247967.989779 -120093507.81723927 500.9480861295449 -39997.23477906879
-----------------------
star 30 white 1e+30 9999066373.740267 133809196.68587548 -558.1610131388852 39996.547637283824
star 30 cyan 1e+30 -9999066373.740267 -133809196.68587548 558.1610131388852 -39996.547637283824
-----------------------
star 30 white 1e+30 9998865285.652557 147516486.07143736 -615.3390305590161 39995.78247138802
star 30 cyan 1e+30 -9998865285.652557 -147516486.07143736 615.3390305590161 -39995.78247138802
-----------------------
star 30 white 1e+30 9998656687.126186 160503178.5012312 -669.5112839526847 39994.98325065297
star 30 cyan 1e+30 -9998656687.126186 -160503178.5012312 669.5112839526847 -39994.98325065297
-----------------------
star 30 white 1e+30 9998426974.408632 173684263.62470296 -724.4945707624332 39994.10063286005
star 30 cyan 1e+30 -9998426974.408632 -173684263.62470296 724.4945707624332 -39994.10063286005
-----------------------
star 30 white 1e+30 9998172556.352625 187202579.66875198 -780.884751987974 39993.12107006213
star 30 cyan 1e+30 -9998172556.352625 -187202579.66875198 780.884751987974 -39993.12107006213
-----------------------
star 30 white 1e+30 9997895316.57975 200900132.16083503 -838.0227876090069 39992.0512357894
star 30 cyan 1e+30 -9997895316.57975 -200900132.16083503 838.0227876090069 -39992.0512357894
-----------------------
star 30 white 1e+30 9997614124.307358 213898475.32616612 -892.2442835886993 39990.961695904916
star 30 cyan 1e+30 -9997614124.307358 -213898475.32616612 892.2442835886993 -39990.961695904916
-----------------------
star 30 white 1e+30 9997310170.462885 227113451.66569555 -947.3696509445119 39989.78229131072
star 30 cyan 1e+30 -9997310170.462885 -227113451.66569555 947.3696509445119 -39989.78229131072
-----------------------
star 30 white 1e+30 9996978021.805565 240725736.37591058 -1004.152602288636 39988.49232712479
star 30 cyan 1e+30 -9996978021.805565 -240725736.37591058 1004.152602288636 -39988.49232712479
-----------------------
star 30 white 1e+30 9996644554.837854 253657842.7801611 -1058.0983991958055 39987.1933203993
star 30 cyan 1e+30 -9996644554.837854 -253657842.7801611 1058.0983991958055 -39987.1933203993
-----------------------
star 30 white 1e+30 9996265679.91025 267593063.20906058 -1116.2289646456281 39985.718298080494
star 30 cyan 1e+30 -9996265679.91025 -267593063.20906058 1116.2289646456281 -39985.718298080494
-----------------------
star 30 white 1e+30 9995873693.527216 281284324.12269765 -1173.342103744123 39984.18941916408
star 30 cyan 1e+30 -9995873693.527216 -281284324.12269765 1173.342103744123 -39984.18941916408
-----------------------
star 30 white 1e+30 9995460648.986397 295023862.25145686 -1230.6569122718506 39982.57657793847
star 30 cyan 1e+30 -9995460648.986397 -295023862.25145686 1230.6569122718506 -39982.57657793847
-----------------------
star 30 white 1e+30 9995028785.261805 308735650.72776276 -1287.8562511192167 39980.888294580895
star 30 cyan 1e+30 -9995028785.261805 -308735650.72776276 1287.8562511192167 -39980.888294580895
-----------------------
star 30 white 1e+30 9994577880.179533 322429759.68118155 -1344.982141390698 39979.123737491034
star 30 cyan 1e+30 -9994577880.179533 -322429759.68118155 1344.982141390698 -39979.123737491034
-----------------------
star 30 white 1e+30 9994107580.437841 336118348.4328969 -1402.0853204946754 39977.28156220997
star 30 cyan 1e+30 -9994107580.437841 -336118348.4328969 1402.0853204946754 -39977.28156220997
-----------------------
star 30 white 1e+30 9993642881.871803 349116529.8446893 -1456.3086518097637 39975.457941999615
star 30 cyan 1e+30 -9993642881.871803 -349116529.8446893 1456.3086518097637 -39975.457941999615
-----------------------
star 30 white 1e+30 9993110215.759607 363443753.96964 -1516.0767167633246 39973.370012735104
star 30 cyan 1e+30 -9993110215.759607 -363443753.96964 1516.0767167633246 -39973.370012735104
-----------------------
star 30 white 1e+30 9992578111.067213 377212219.0296855 -1573.514154438929 39971.28104568516
star 30 cyan 1e+30 -9992578111.067213 -377212219.0296855 1573.514154438929 -39971.28104568516
-----------------------
star 30 white 1e+30 9992053640.417425 390307450.3516081 -1628.143371554062 39969.2188343136
star 30 cyan 1e+30 -9992053640.417425 -390307450.3516081 1628.143371554062 -39969.2188343136
-----------------------
star 30 white 1e+30 9991485081.199814 404023573.6864953 -1685.363198544926 39966.98372573772
star 30 cyan 1e+30 -9991485081.199814 -404023573.6864953 1685.363198544926 -39966.98372573772
-----------------------
star 30 white 1e+30 9990885072.521183 418009760.16876155 -1743.7100954407363 39964.62436458112
star 30 cyan 1e+30 -9990885072.521183 -418009760.16876155 1743.7100954407363 -39964.62436458112
-----------------------
star 30 white 1e+30 9990277416.348164 431711811.9936666 -1800.872040297065 39962.232759564475
star 30 cyan 1e+30 -9990277416.348164 -431711811.9936666 1800.872040297065 -39962.232759564475
-----------------------
star 30 white 1e+30 9989648737.773304 445443656.9038953 -1858.1587081899572 39959.757219580104
star 30 cyan 1e+30 -9989648737.773304 -445443656.9038953 1858.1587081899572 -39959.757219580104
-----------------------
star 30 white 1e+30 9988939495.319206 460442851.15438646 -1920.7331879944309 39956.96699082986
star 30 cyan 1e+30 -9988939495.319206 -460442851.15438646 1920.7331879944309 -39956.96699082986
-----------------------
star 30 white 1e+30 9987914697.47806 481288693.1298701 -2007.7010245794522 39952.95818502473
star 30 cyan 1e+30 -9987914697.47806 -481288693.1298701 2007.7010245794522 -39952.95818502473
-----------------------
star 30 white 1e+30 9986598231.327503 506807861.89580834 -2114.1683497803533 39947.82783285823
star 30 cyan 1e+30 -9986598231.327503 -506807861.89580834 2114.1683497803533 -39947.82783285823
-----------------------
star 30 white 1e+30 9984874252.916216 538395670.2681737 -2245.9586204421007 39941.13963496085
star 30 cyan 1e+30 -9984874252.916216 -538395670.2681737 2245.9586204421007 -39941.13963496085
-----------------------
star 30 white 1e+30 9983103187.406395 569017817.0655702 -2373.7223391129796 39934.25047129114
star 30 cyan 1e+30 -9983103187.406395 -569017817.0655702 2373.7223391129796 -39934.25047129114
-----------------------
star 30 white 1e+30 9980848737.19954 605755181.479062 -2527.0065081634543 39925.513566380265
star 30 cyan 1e+30 -9980848737.19954 -605755181.479062 2527.0065081634543 -39925.513566380265
-----------------------
star 30 white 1e+30 9978362808.639585 643830077.4288857 -2685.876531128137 39915.87146658229
star 30 cyan 1e+30 -9978362808.639585 -643830077.4288857 2685.876531128137 -39915.87146658229
-----------------------
star 30 white 1e+30 9975786538.30043 681036906.8009671 -2841.1287978533646 39905.85418410583
star 30 cyan 1e+30 -9975786538.30043 -681036906.8009671 2841.1287978533646 -39905.85418410583
-----------------------
star 30 white 1e+30 9973069428.287043 718182497.1618954 -2996.1304287947573 39895.27237876345
star 30 cyan 1e+30 -9973069428.287043 -718182497.1618954 2996.1304287947573 -39895.27237876345
-----------------------
star 30 white 1e+30 9970205966.196646 755344166.5431142 -3151.2043653364112 39884.10516612235
star 30 cyan 1e+30 -9970205966.196646 -755344166.5431142 3151.2043653364112 -39884.10516612235
-----------------------
star 30 white 1e+30 9967192899.559206 792557318.5450824 -3306.4986582216548 39872.3400492706
star 30 cyan 1e+30 -9967192899.559206 -792557318.5450824 3306.4986582216548 -39872.3400492706
-----------------------
star 30 white 1e+30 9964047272.170671 829617167.4157591 -3461.1588567621666 39860.04199569863
star 30 cyan 1e+30 -9964047272.170671 -829617167.4157591 3461.1588567621666 -39860.04199569863
-----------------------
star 30 white 1e+30 9960749808.710476 866754388.6985005 -3616.1480230431403 39847.13743296444
star 30 cyan 1e+30 -9960749808.710476 -866754388.6985005 3616.1480230431403 -39847.13743296444
-----------------------
star 30 white 1e+30 9957306720.814941 903892203.248275 -3771.1459782220286 39833.64997865923
star 30 cyan 1e+30 -9957306720.814941 -903892203.248275 3771.1459782220286 -39833.64997865923
-----------------------
star 30 white 1e+30 9953722000.31284 940988481.4159552 -3925.977132218351 39819.594905651924
star 30 cyan 1e+30 -9953722000.31284 -940988481.4159552 3925.977132218351 -39819.594905651924
-----------------------
star 30 white 1e+30 9949996166.607225 978041349.5445106 -4080.6339190137196 39804.97421854185
star 30 cyan 1e+30 -9949996166.607225 -978041349.5445106 4080.6339190137196 -39804.97421854185
-----------------------
star 30 white 1e+30 9946326063.513842 1013202941.9532448 -4227.401943055235 39790.547560088926
star 30 cyan 1e+30 -9946326063.513842 -1013202941.9532448 4227.401943055235 -39790.547560088926
-----------------------
star 30 white 1e+30 9942322729.671804 1050201151.1040475 -4381.844710296629 39774.81493025826
star 30 cyan 1e+30 -9942322729.671804 -1050201151.1040475 4381.844710296629 -39774.81493025826
-----------------------
star 30 white 1e+30 9938047191.83988 1088310972.6845136 -4540.9365688986945 39758.01015962488
star 30 cyan 1e+30 -9938047191.83988 -1088310972.6845136 4540.9365688986945 -39758.01015962488
-----------------------
star 30 white 1e+30 9933865123.107948 1124323199.889537 -4691.278021209886 39741.546336396714
star 30 cyan 1e+30 -9933865123.107948 -1124323199.889537 4691.278021209886 -39741.546336396714
-----------------------
star 30 white 1e+30 9929423856.256748 1161329169.040445 -4845.776983500761 39724.06001405291
star 30 cyan 1e+30 -9929423856.256748 -1161329169.040445 4845.776983500761 -39724.06001405291
-----------------------
star 30 white 1e+30 9924839849.362709 1198309629.929652 -5000.177906682408 39706.0015346876
star 30 cyan 1e+30 -9924839849.362709 -1198309629.929652 5000.177906682408 -39706.0015346876
-----------------------
star 30 white 1e+30 9920102146.08553 1235349660.4604757 -5154.83637426729 39687.32831336917
star 30 cyan 1e+30 -9920102146.08553 -1235349660.4604757 5154.83637426729 -39687.32831336917
-----------------------
star 30 white 1e+30 9915235468.18814 1272257657.3724282 -5308.952444876985 39668.13624934649
star 30 cyan 1e+30 -9915235468.18814 -1272257657.3724282 5308.952444876985 -39668.13624934649
-----------------------
star 30 white 1e+30 9910211885.287981 1309246074.8976297 -5463.413714220641 39648.316797421176
star 30 cyan 1e+30 -9910211885.287981 -1309246074.8976297 5463.413714220641 -39648.316797421176
-----------------------
star 30 white 1e+30 9905052918.60214 1346154740.5011063 -5617.551445289996 39627.95353761078
star 30 cyan 1e+30 -9905052918.60214 -1346154740.5011063 5617.551445289996 -39627.95353761078
-----------------------
star 30 white 1e+30 9900029857.540915 1381125493.6837623 -5763.603381604628 39608.10422352382
star 30 cyan 1e+30 -9900029857.540915 -1381125493.6837623 5763.603381604628 -39608.10422352382
-----------------------
star 30 white 1e+30 9894292089.353413 1419997278.0737753 -5925.962354285289 39585.45397705746
star 30 cyan 1e+30 -9894292089.353413 -1419997278.0737753 5925.962354285289 -39585.45397705746
-----------------------
star 30 white 1e+30 9888343546.584253 1459180665.6490698 -6089.634850525195 39561.96422184735
star 30 cyan 1e+30 -9888343546.584253 -1459180665.6490698 6089.634850525195 -39561.96422184735
-----------------------
star 30 white 1e+30 9881298643.778109 1504236255.5301578 -6277.858555326089 39534.18885284157
star 30 cyan 1e+30 -9881298643.778109 -1504236255.5301578 6277.858555326089 -39534.18885284157
-----------------------
star 30 white 1e+30 9860023815.849337 1632588403.4658644 -6814.467916355783 39452.50047512758
star 30 cyan 1e+30 -9860023815.849337 -1632588403.4658644 6814.467916355783 -39452.50047512758
-----------------------
star 30 white 1e+30 9793118205.289299 1981355928.684391 -8275.808989615027 39210.53670969768
star 30 cyan 1e+30 -9793118205.289299 -1981355928.684391 8275.808989615027 -39210.53670969768
-----------------------
star 30 white 1e+30 9647809174.7153 2575657673.9755955 -10774.819055526235 38704.93386633969
star 30 cyan 1e+30 -9647809174.7153 -2575657673.9755955 10774.819055526235 -38704.93386633969
-----------------------
star 30 white 1e+30 9254539052.282518 3710852399.1843667 -15596.640889666749 37417.66105810511
star 30 cyan 1e+30 -9254539052.282518 -3710852399.1843667 15596.640889666749 -37417.66105810511
-----------------------
star 30 white 1e+30 8589684527.8548155 5021447299.077711 -21222.386321582988 35161.86951459458
star 30 cyan 1e+30 -8589684527.8548155 -5021447299.077711 21222.386321582988 -35161.86951459458
-----------------------
star 30 white 1e+30 7523461098.242472 6476656876.022577 -27580.188690207415 31445.159147820257
star 30 cyan 1e+30 -7523461098.242472 -6476656876.022577 27580.188690207415 -31445.159147820257
-----------------------
star 30 white 1e+30 6048196272.030944 7861564585.287718 -33752.8522447008 26131.351668584044
star 30 cyan 1e+30 -6048196272.030944 -7861564585.287718 33752.8522447008 -26131.351668584044
-----------------------
star 30 white 1e+30 4097085384.7895722 9065944256.772589 -39278.3129894182 18949.249012798147
star 30 cyan 1e+30 -4097085384.7895722 -9065944256.772589 39278.3129894182 -18949.249012798147
-----------------------
star 30 white 1e+30 2097953615.4089937 9807668430.124838 -42665.6354729907 11453.853156566063
star 30 cyan 1e+30 -2097953615.4089937 -9807668430.124838 42665.6354729907 -11453.853156566063
-----------------------
star 30 white 1e+30 -107393048.49751186 10179736424.261562 -44422.869701015574 3239.004870144581
star 30 cyan 1e+30 107393048.49751186 -10179736424.261562 44422.869701015574 -3239.004870144581
-----------------------
star 30 white 1e+30 -2417084711.283408 10130281213.23698 -44334.47928685903 -5139.480805916604
star 30 cyan 1e+30 2417084711.283408 -10130281213.23698 44334.47928685903 5139.480805916604
-----------------------
star 30 white 1e+30 -4697128490.012615 9653733566.981411 -42458.72061306508 -13001.002069526618
star 30 cyan 1e+30 4697128490.012615 -9653733566.981411 42458.72061306508 13001.002069526618
-----------------------
star 30 white 1e+30 -6776580236.96501 8823179961.611782 -39234.286338579564 -19627.993316692307
star 30 cyan 1e+30 6776580236.96501 -8823179961.611782 39234.286338579564 19627.993316692307
-----------------------
star 30 white 1e+30 -8667866795.170652 7685167438.615631 -35053.21445890687 -25071.793631422806
star 30 cyan 1e+30 8667866795.170652 -7685167438.615631 35053.21445890687 25071.793631422806
-----------------------
star 30 white 1e+30 -10428413101.600882 6207761343.783527 -30019.05605174151 -29535.215968869867
star 30 cyan 1e+30 10428413101.600882 -6207761343.783527 30019.05605174151 29535.215968869867
-----------------------
star 30 white 1e+30 -11812117213.014736 4652856616.40777 -25134.836118546544 -32442.664245076936
star 30 cyan 1e+30 11812117213.014736 -4652856616.40777 25134.836118546544 32442.664245076936
-----------------------
star 30 white 1e+30 -13031945653.657133 2840476134.6333857 -19919.20474107266 -34497.129547595694
star 30 cyan 1e+30 13031945653.657133 -2840476134.6333857 19919.20474107266 34497.129547595694
-----------------------
star 30 white 1e+30 -13928081135.52492 1056470521.0369203 -15249.066640938496 -35515.04476696668
star 30 cyan 1e+30 13928081135.52492 -1056470521.0369203 15249.066640938496 35515.04476696668
-----------------------
star 30 white 1e+30 -14585160029.990025 -731338269.0660739 -10975.967578393334 -35839.167174721406
star 30 cyan 1e+30 14585160029.990025 731338269.0660739 10975.967578393334 35839.167174721406
-----------------------
star 30 white 1e+30 -15060226028.585644 -2641447850.712519 -6799.161063852624 -35629.731115035596
star 30 cyan 1e+30 15060226028.585644 2641447850.712519 6799.161063852624 35629.731115035596
-----------------------
star 30 white 1e+30 -15306410986.953943 -4345738825.548484 -3408.366316391213 -35035.01178739146
star 30 cyan 1e+30 15306410986.953943 4345738825.548484 3408.366316391213 35035.01178739146
-----------------------
star 30 white 1e+30 -15397066528.060396 -6015248950.431747 -349.3230652805837 -34166.49969551609
star 30 cyan 1e+30 15397066528.060396 6015248950.431747 349.3230652805837 34166.49969551609
-----------------------
star 30 white 1e+30 -15335090972.99042 -7802380205.186533 2678.014232858264 -32983.794699597194
star 30 cyan 1e+30 15335090972.99042 7802380205.186533 -2678.014232858264 32983.794699597194
-----------------------
star 30 white 1e+30 -15133968252.342947 -9446573093.632729 5232.368272046851 -31684.158366985543
star 30 cyan 1e+30 15133968252.342947 9446573093.632729 -5232.368272046851 31684.158366985543
-----------------------
star 30 white 1e+30 -14809846895.319185 -11024086018.45271 7497.062802273703 -30270.543506836344
star 30 cyan 1e+30 14809846895.319185 11024086018.45271 -7497.062802273703 30270.543506836344
-----------------------
star 30 white 1e+30 -14377515109.098986 -12526588472.6654 9495.136905909585 -28783.22625464472
star 30 cyan 1e+30 14377515109.098986 12526588472.6654 -9495.136905909585 28783.22625464472
-----------------------
star 30 white 1e+30 -13848741638.023388 -13954193268.760288 11258.097076910812 -27247.22532623282
star 30 cyan 1e+30 13848741638.023388 13954193268.760288 -11258.097076910812 27247.22532623282
-----------------------
star 30 white 1e+30 -13162798549.253326 -15447357336.894135 12979.320170970135 -25512.895930758194
star 30 cyan 1e+30 13162798549.253326 15447357336.894135 -12979.320170970135 25512.895930758194
-----------------------
star 30 white 1e+30 -12697090189.73283 -16313225468.824642 13890.091369940375 -24444.049658439995
star 30 cyan 1e+30 12697090189.73283 16313225468.824642 -13890.091369940375 24444.049658439995
-----------------------
star 30 white 1e+30 -12350738912.964802 -16900969764.348938 14475.731238996783 -23691.61937050084
star 30 cyan 1e+30 12350738912.964802 16900969764.348938 -14475.731238996783 23691.61937050084
-----------------------
star 30 white 1e+30 -12069806013.315886 -17348411876.65068 14905.371320785473 -23103.692276985756
star 30 cyan 1e+30 12069806013.315886 17348411876.65068 -14905.371320785473 23103.692276985756
-----------------------
star 30 white 1e+30 -11874318322.96048 -17646041701.217342 15182.601601185437 -22705.218176925497
star 30 cyan 1e+30 11874318322.96048 17646041701.217342 -15182.601601185437 22705.218176925497
-----------------------
star 30 white 1e+30 -11675311345.005733 -17938469642.37665 15450.144957206376 -22307.630619574913
star 30 cyan 1e+30 11675311345.005733 17938469642.37665 -15450.144957206376 22307.630619574913
-----------------------
star 30 white 1e+30 -11532226350.920076 -18142552872.61864 15633.062538217466 -22026.587881007774
star 30 cyan 1e+30 11532226350.920076 18142552872.61864 -15633.062538217466 22026.587881007774
-----------------------
star 30 white 1e+30 -11438428671.698246 -18273679448.578403 15748.839131443036 -21844.44759862952
star 30 cyan 1e+30 11438428671.698246 18273679448.578403 -15748.839131443036 21844.44759862952
-----------------------
star 30 white 1e+30 -11360090511.173325 -18381639369.286423 15843.304346763985 -21693.532895800876
star 30 cyan 1e+30 11360090511.173325 18381639369.286423 -15843.304346763985 21693.532895800876
-----------------------
star 30 white 1e+30 -11311621398.848892 -18447744304.469215 15900.671125964202 -21600.708331947382
star 30 cyan 1e+30 11311621398.848892 18447744304.469215 -15900.671125964202 21600.708331947382
-----------------------
star 30 white 1e+30 -11270422317.671135 -18503526010.120674 15948.85741073479 -21522.1229347628
star 30 cyan 1e+30 11270422317.671135 18503526010.120674 -15948.85741073479 21522.1229347628
-----------------------
star 30 white 1e+30 -11243230761.372595 -18540139321.300335 15980.351486275396 -21470.416669504524
star 30 cyan 1e+30 11243230761.372595 18540139321.300335 -15980.351486275396 21470.416669504524
-----------------------
star 30 white 1e+30 -11218411603.052132 -18573418825.96305 16008.906666673041 -21423.32904547958
star 30 cyan 1e+30 11218411603.052132 18573418825.96305 -16008.906666673041 21423.32904547958
-----------------------
star 30 white 1e+30 -11202743470.019756 -18594359885.278168 16026.828669990615 -21393.65703079552
star 30 cyan 1e+30 11202743470.019756 18594359885.278168 -16026.828669990615 21393.65703079552
-----------------------
star 30 white 1e+30 -11189581631.912193 -18611910731.588543 16041.826976536835 -21368.762779638517
star 30 cyan 1e+30 11189581631.912193 18611910731.588543 -16041.826976536835 21368.762779638517
-----------------------
star 30 white 1e+30 -11181094681.51514 -18623208267.514652 16051.468333505502 -21352.72606967606
star 30 cyan 1e+30 11181094681.51514 18623208267.514652 -16051.468333505502 21352.72606967606
-----------------------
star 30 white 1e+30 -11173724845.72989 -18633006366.292656 16059.82345142025 -21338.809802489515
star 30 cyan 1e+30 11173724845.72989 18633006366.292656 -16059.82345142025 21338.809802489515
-----------------------
star 30 white 1e+30 -11168786891.973412 -18639564889.28482 16065.411889324803 -21329.490672075008
star 30 cyan 1e+30 11168786891.973412 18639564889.28482 -16065.411889324803 21329.490672075008
-----------------------
star 30 white 1e+30 -11165486083.70137 -18643946109.546047 16069.143193832915 -21323.26350585066
star 30 cyan 1e+30 11165486083.70137 18643946109.546047 -16069.143193832915 21323.26350585066
-----------------------
star 30 white 1e+30 -11163103204.433506 -18647107519.75014 16071.834751104981 -21318.76918752408
star 30 cyan 1e+30 11163103204.433506 18647107519.75014 -16071.834751104981 21318.76918752408
-----------------------
star 30 white 1e+30 -11160584514.255732 -18650447813.217285 16074.67803115293 -21314.01970632769
star 30 cyan 1e+30 11160584514.255732 18650447813.217285 -16074.67803115293 21314.01970632769
-----------------------
star 30 white 1e+30 -11157960166.13988 -18653926810.746017 16077.63873968374 -21309.072067619923
star 30 cyan 1e+30 11157960166.13988 18653926810.746017 -16077.63873968374 21309.072067619923
-----------------------
star 30 white 1e+30 -11155486758.472399 -18657204386.98256 16080.427376372201 -21304.410012556655
star 30 cyan 1e+30 11155486758.472399 18657204386.98256 -16080.427376372201 21304.410012556655
-----------------------
star 30 white 1e+30 -11153031349.678066 -18660456841.31571 16083.194039172755 -21299.782855135614
star 30 cyan 1e+30 11153031349.678066 18660456841.31571 -16083.194039172755 21299.782855135614
-----------------------
star 30 white 1e+30 -11150502576.813622 -18663805151.44626 16086.041639525907 -21295.01845325909
star 30 cyan 1e+30 11150502576.813622 18663805151.44626 -16086.041639525907 21295.01845325909
-----------------------
star 30 white 1e+30 -11147940985.547188 -18667195548.38636 16088.924400934955 -21290.193262926554
star 30 cyan 1e+30 11147940985.547188 18667195548.38636 -16088.924400934955 21290.193262926554
-----------------------
star 30 white 1e+30 -11145471227.412455 -18670463097.224106 16091.702075776833 -21285.54205428539
star 30 cyan 1e+30 11145471227.412455 18670463097.224106 -16091.702075776833 21285.54205428539
-----------------------
star 30 white 1e+30 -11142927475.775305 -18673827205.70967 16094.561227180378 -21280.752514239924
star 30 cyan 1e+30 11142927475.775305 18673827205.70967 -16094.561227180378 21280.752514239924
-----------------------
star 30 white 1e+30 -11140370893.667414 -18677206917.991795 16097.433004548402 -21275.93985845801
star 30 cyan 1e+30 11140370893.667414 18677206917.991795 -16097.433004548402 21275.93985845801
-----------------------
star 30 white 1e+30 -11137881108.58802 -18680497013.141804 16100.228001710559 -21271.253951603467
star 30 cyan 1e+30 11137881108.58802 18680497013.141804 -16100.228001710559 21271.253951603467
-----------------------
star 30 white 1e+30 -11135210039.186249 -18684025223.84484 16103.224655764156 -21266.227951904613
star 30 cyan 1e+30 11135210039.186249 18684025223.84484 -16103.224655764156 21266.227951904613
-----------------------
star 30 white 1e+30 -11132633288.03434 -18687427437.922638 16106.113610713246 -21261.380507900467
star 30 cyan 1e+30 11132633288.03434 18687427437.922638 -16106.113610713246 21261.380507900467
-----------------------
star 30 white 1e+30 -11130274101.684168 -18690541175.37562 16108.75698935279 -21256.943287591545
star 30 cyan 1e+30 11130274101.684168 18690541175.37562 -16108.75698935279 21256.943287591545
-----------------------
star 30 white 1e+30 -11127684324.03074 -18693957919.22452 16111.657035566666 -21252.073377589713
star 30 cyan 1e+30 11127684324.03074 18693957919.22452 -16111.657035566666 21252.073377589713
-----------------------
star 30 white 1e+30 -11125153231.820072 -18697295887.98087 16114.489572635843 -21247.31485575948
star 30 cyan 1e+30 11125153231.820072 18697295887.98087 -16114.489572635843 21247.31485575948
-----------------------
star 30 white 1e+30 -11122708517.385283 -18700518676.659393 16117.223756422201 -21242.719697184995
star 30 cyan 1e+30 11122708517.385283 18700518676.659393 -16117.223756422201 21242.719697184995
-----------------------
star 30 white 1e+30 -11120081588.315977 -18703980287.21285 16120.159952545193 -21237.783094706338
star 30 cyan 1e+30 11120081588.315977 18703980287.21285 -16120.159952545193 21237.783094706338
-----------------------
star 30 white 1e+30 -11117505172.185331 -18707373941.377064 16123.037841710544 -21232.942484339408
star 30 cyan 1e+30 11117505172.185331 18707373941.377064 -16123.037841710544 21232.942484339408
-----------------------
star 30 white 1e+30 -11115051255.845173 -18710604956.77082 16125.777180055371 -21228.33301252222
star 30 cyan 1e+30 11115051255.845173 18710604956.77082 -16125.777180055371 21228.33301252222
-----------------------
star 30 white 1e+30 -11112579723.796513 -18713857902.915398 16128.534524551675 -21223.691415968813
star 30 cyan 1e+30 11112579723.796513 18713857902.915398 -16128.534524551675 21223.691415968813
-----------------------
star 30 white 1e+30 -11110037785.251013 -18717202193.989014 16131.368695824425 -21218.918601753838
star 30 cyan 1e+30 11110037785.251013 18717202193.989014 -16131.368695824425 21218.918601753838
-----------------------
star 30 white 1e+30 -11107494249.680885 -18720547245.643642 16134.202884405206 -21214.14381324747
star 30 cyan 1e+30 11107494249.680885 18720547245.643642 -16134.202884405206 21214.14381324747
-----------------------
star 30 white 1e+30 -11104969410.580763 -18723866383.99229 16137.01449211684 -21209.405135574656
star 30 cyan 1e+30 11104969410.580763 18723866383.99229 -16137.01449211684 21209.405135574656
-----------------------
star 30 white 1e+30 -11102343951.998177 -18727316396.847706 16139.93633292916 -21204.478678333537
star 30 cyan 1e+30 11102343951.998177 18727316396.847706 -16139.93633292916 21204.478678333537
-----------------------
star 30 white 1e+30 -11099883488.006094 -18730548302.759735 16142.672811926204 -21199.8628144932
star 30 cyan 1e+30 11099883488.006094 18730548302.759735 -16142.672811926204 21199.8628144932
-----------------------
star 30 white 1e+30 -11097410897.900307 -18733794876.412613 16145.421123045586 -21195.225164536947
star 30 cyan 1e+30 11097410897.900307 18733794876.412613 -16145.421123045586 21195.225164536947
-----------------------
star 30 white 1e+30 -11094823261.940916 -18737191156.20371 16148.295560422956 -21190.372760610648
star 30 cyan 1e+30 11094823261.940916 18737191156.20371 -16148.295560422956 21190.372760610648
-----------------------
star 30 white 1e+30 -11092362557.901396 -18740419555.759125 16151.027282044712 -21185.75936668774
star 30 cyan 1e+30 11092362557.901396 18740419555.759125 -16151.027282044712 21185.75936668774
-----------------------
star 30 white 1e+30 -11089903859.284687 -18743644077.18712 16153.755137839782 -21181.150685550572
star 30 cyan 1e+30 11089903859.284687 18743644077.18712 -16153.755137839782 21181.150685550572
-----------------------
star 30 white 1e+30 -11087432439.29239 -18746884027.04943 16156.495460992846 -21176.519117730935
star 30 cyan 1e+30 11087432439.29239 18746884027.04943 -16156.495460992846 21176.519117730935
-----------------------
star 30 white 1e+30 -11084996804.938723 -18750075832.637657 16159.194479545122 -21171.955555511875
star 30 cyan 1e+30 11084996804.938723 18750075832.637657 -16159.194479545122 21171.955555511875
-----------------------
star 30 white 1e+30 -11082456583.83914 -18753403394.777206 16162.007712019737 -21167.19702259012
star 30 cyan 1e+30 11082456583.83914 18753403394.777206 -16162.007712019737 21167.19702259012
-----------------------
star 30 white 1e+30 -11079896927.81568 -18756755073.682877 16164.840710150209 -21162.40310741838
star 30 cyan 1e+30 11079896927.81568 18756755073.682877 -16164.840710150209 21162.40310741838
-----------------------
star 30 white 1e+30 -11077229042.572098 -18760247038.000057 16167.791641440479 -21157.407583018517
star 30 cyan 1e+30 11077229042.572098 18760247038.000057 -16167.791641440479 21157.407583018517
-----------------------
star 30 white 1e+30 -11074851547.4412 -18763357682.685043 16170.419690039345 -21152.956755040406
star 30 cyan 1e+30 11074851547.4412 18763357682.685043 -16170.419690039345 21152.956755040406
-----------------------
star 30 white 1e+30 -11072350778.406055 -18766628363.94724 16173.182390612483 -21148.276101868498
star 30 cyan 1e+30 11072350778.406055 18766628363.94724 -16173.182390612483 21148.276101868498
-----------------------
star 30 white 1e+30 -11069753018.953693 -18770024538.459606 16176.050482459475 -21143.414946827135
star 30 cyan 1e+30 11069753018.953693 18770024538.459606 -16176.050482459475 21143.414946827135
-----------------------
star 30 white 1e+30 -11067221384.06428 -18773332935.08531 16178.843806405246 -21138.678548560958
star 30 cyan 1e+30 11067221384.06428 18773332935.08531 -16178.843806405246 21138.678548560958
-----------------------
